TimeRecording, PositionChange, TimeChange, IndexTriggered
2.6041128635406494, 1, 2003.0, 0
2.915907382965088, -3, 301.0, 0
3.4440929889678955, 1, 519.0, 0
4.747743844985962, -1, 1275.0, 0
8.195878028869629, 1, 3366.0, 0
8.731818437576294, -1, 520.0, 0
9.403833866119385, 1, 661.0, 0
9.915846586227417, -1, 495.0, 0
10.811877250671387, -1, 874.0, 0
12.02799940109253, -1, 1186.0, 0
12.699636220932007, -1, 656.0, 0
12.811652421951294, 4, 109.0, 0
12.91562795639038, 7, 102.0, 0
13.019707918167114, -16, 101.0, 0
13.12364149093628, 1, 102.0, 0
13.275659799575806, 13, 149.0, 0
13.45965051651001, -9, 183.0, 0
13.635637521743774, 3, 171.0, 0
13.75583815574646, 0, 118.0, 0
13.995999574661255, -1, 232.0, 0
14.667887687683105, -1, 661.0, 0
20.507785320281982, -3, 5697.0, 0
20.61219096183777, 43, 101.0, 0
20.716193675994873, 418, 102.0, 0
20.8200786113739, 901, 101.0, 0
20.92378282546997, 1415, 102.0, 0
21.027912616729736, 1970, 102.0, 0
21.13163685798645, 2534, 101.0, 0
21.236101150512695, 3158, 102.0, 0
21.33981704711914, 3360, 101.0, 0
21.443727016448975, 3498, 102.0, 0
21.547667503356934, 3435, 101.0, 0
21.651891708374023, 3436, 102.0, 0
21.75565004348755, 3276, 101.0, 0
21.860148668289185, 3099, 102.0, 0
21.963923931121826, 3075, 102.0, 0
22.067941904067993, 3107, 101.0, 0
22.17177677154541, 3315, 102.0, 0
22.275739192962646, 3340, 101.0, 0
22.37967276573181, 3384, 102.0, 0
22.483668327331543, 3420, 101.0, 0
22.587666273117065, 3351, 102.0, 0
22.691686391830444, 3421, 101.0, 0
22.795644521713257, 3415, 102.0, 0
22.899770975112915, 3380, 102.0, 0
23.003788232803345, 3458, 101.0, 0
23.10779118537903, 3377, 102.0, 0
23.21199941635132, 3450, 101.0, 0
23.31588912010193, 3390, 102.0, 0
23.41976261138916, 3381, 102.0, 0
23.52379035949707, 3445, 101.0, 0
23.627840518951416, 3365, 102.0, 0
23.731764793395996, 3589, 101.0, 0
23.835846424102783, 3619, 102.0, 0
23.939780473709106, 3660, 101.0, 0
24.043984174728394, 3739, 102.0, 0
24.147672414779663, 3690, 101.0, 0
24.251669883728027, 3689, 102.0, 0
24.355650186538696, 3703, 101.0, 0
24.459659337997437, 3758, 102.0, 0
24.563651084899902, 3773, 102.0, 0
24.66765546798706, 3678, 101.0, 0
24.771649599075317, 3752, 102.0, 0
24.87586212158203, 3693, 101.0, 0
24.979856967926025, 3666, 102.0, 0
25.08388900756836, 3640, 101.0, 0
25.187642097473145, 3544, 102.0, 0
25.291926383972168, 3566, 101.0, 0
25.395852088928223, 3498, 102.0, 0
25.499788284301758, 3507, 102.0, 0
25.603750705718994, 3472, 101.0, 0
25.707690238952637, 3470, 102.0, 0
25.811691284179688, 3466, 102.0, 0
25.915882110595703, 3448, 101.0, 0
26.01993680000305, 3496, 102.0, 0
26.12377643585205, 3527, 101.0, 0
26.227668523788452, 3571, 102.0, 0
26.331663131713867, 3618, 101.0, 0
26.435642957687378, 3667, 102.0, 0
26.53966188430786, 3694, 102.0, 0
26.643656015396118, 3705, 101.0, 0
26.747801542282104, 3725, 102.0, 0
26.851834297180176, 3668, 101.0, 0
26.9560809135437, 3767, 102.0, 0
27.059767484664917, 3733, 101.0, 0
27.163650035858154, 3789, 102.0, 0
27.26766610145569, 3715, 101.0, 0
27.371651649475098, 3761, 102.0, 0
27.47565746307373, 3706, 101.0, 0
27.579656839370728, 3678, 102.0, 0
27.68368673324585, 3724, 102.0, 0
27.787862539291382, 3682, 101.0, 0
27.891849279403687, 3680, 102.0, 0
27.996002674102783, 3658, 101.0, 0
28.099727869033813, 3640, 102.0, 0
28.203673124313354, 3677, 101.0, 0
28.307826280593872, 3614, 102.0, 0
28.411685943603516, 3290, 101.0, 0
28.51571297645569, 1526, 102.0, 0
28.6197247505188, 2361, 102.0, 0
28.723689794540405, 2324, 101.0, 0
28.82790970802307, 2843, 102.0, 0
28.931718826293945, 3404, 101.0, 0
29.03583574295044, 3915, 102.0, 0
29.139753818511963, 5601, 102.0, 0
29.24368691444397, 3275, 101.0, 0
29.347715854644775, 2457, 102.0, 0
29.451740503311157, 3697, 101.0, 0
29.55573344230652, 3134, 102.0, 0
29.659937143325806, 4232, 101.0, 0
29.76377558708191, 3448, 102.0, 0
29.86781406402588, 3508, 102.0, 0
29.971792459487915, 3616, 101.0, 0
30.075865745544434, 3636, 102.0, 0
30.179795503616333, 3490, 101.0, 0
30.28379225730896, 3476, 102.0, 0
30.387786149978638, 3841, 101.0, 0
30.49179244041443, 3622, 102.0, 0
30.595866203308105, 3844, 102.0, 0
30.69977879524231, 3663, 101.0, 0
30.803776025772095, 3779, 102.0, 0
30.90779733657837, 3718, 101.0, 0
31.011828660964966, 3632, 102.0, 0
31.115856647491455, 3492, 101.0, 0
31.22061538696289, 2904, 102.0, 0
31.323822021484375, 2369, 102.0, 0
31.42785954475403, 1665, 101.0, 0
31.531782388687134, 983, 102.0, 0
31.63586711883545, 502, 101.0, 0
31.739778757095337, 57, 102.0, 0
31.843925714492798, -150, 101.0, 0
31.94774556159973, -95, 102.0, 0
32.05172944068909, -193, 101.0, 0
32.15565586090088, 47, 102.0, 0
32.25965595245361, -23, 102.0, 0
32.36364388465881, 104, 101.0, 0
32.46764421463013, 19, 108.0, 0
32.59563660621643, 30, 119.0, 0
32.69989323616028, -22, 101.0, 0
32.80393934249878, 27, 102.0, 0
32.92397499084473, -33, 117.0, 0
33.027891635894775, -23, 102.0, 0
33.131916999816895, -33, 101.0, 0
33.23596119880676, 23, 102.0, 0
33.49176788330078, -3, 249.0, 0
33.595946311950684, 7, 102.0, 0
33.83564066886902, 0, 236.0, 0
34.027732610702515, 1, 186.0, 0
34.291948318481445, -7, 258.0, 0
34.62787580490112, 9, 328.0, 0
34.82764959335327, 16, 201.0, 0
