TimeRecording, PositionChange, TimeChange, IndexTriggered
1.360095739364624, 1, 0.0, 0
1.6638038158416748, -1, 298.0, 0
2.2800707817077637, -3, 604.0, 0
2.6399142742156982, -1, 348.0, 0
3.3199915885925293, 3, 663.0, 0
4.615824222564697, 3, 1266.0, 0
4.728029727935791, 1, 113.0, 0
4.840180158615112, 10, 106.0, 0
4.951822519302368, 27, 111.0, 0
5.063790559768677, -9, 107.0, 0
5.255687236785889, 6, 193.0, 0
5.479675054550171, 1, 216.0, 0
5.743911981582642, -3, 258.0, 0
5.975710868835449, 1, 230.0, 0
6.527721643447876, 3, 533.0, 0
7.183703660964966, -1, 646.0, 0
8.111828804016113, -1, 906.0, 0
8.711830139160156, 3, 582.0, 0
9.26381254196167, 1, 544.0, 0
9.471937894821167, -8, 197.0, 0
9.583920001983643, 4, 110.0, 0
9.719759464263916, -21, 137.0, 0
9.823703050613403, -23, 97.0, 0
9.98367714881897, 16, 157.0, 0
10.127742290496826, -7, 142.0, 0
10.287680864334106, -2, 155.0, 0
10.463909149169922, 3, 175.0, 0
10.63181447982788, -1, 168.0, 0
11.247860431671143, -1, 595.0, 0
11.383933544158936, -3, 133.0, 0
11.51203966140747, 5, 131.0, 0
11.67993688583374, 2, 158.0, 0
11.816002130508423, -2, 134.0, 0
11.983846664428711, -1, 166.0, 0
12.167767763137817, -1, 179.0, 0
12.423801183700562, -5, 247.0, 0
12.559926986694336, 6, 135.0, 0
12.727867364883423, -1, 166.0, 0
12.864059448242188, -2, 128.0, 0
13.191818237304688, -3, 321.0, 0
13.487809181213379, 1, 292.0, 0
13.847795486450195, -1, 354.0, 0
14.183817148208618, 1, 324.0, 0
14.423841714859009, 1, 233.0, 0
14.65580439567566, 3, 229.0, 0
15.031863451004028, -1, 367.0, 0
15.215776205062866, 1, 184.0, 0
15.791761636734009, -3, 561.0, 0
16.135788202285767, -3, 336.0, 0
16.287977933883667, 9, 143.0, 0
16.495671272277832, -9, 203.0, 0
16.6076762676239, 7, 110.0, 0
16.719669580459595, -6, 109.0, 0
16.82369565963745, 12, 102.0, 0
16.93567156791687, -7, 109.0, 0
17.03967308998108, -5, 101.0, 0
17.415918588638306, 1, 370.0, 0
17.82393503189087, -3, 399.0, 0
17.92801809310913, -2, 99.0, 0
18.031985759735107, -1, 101.0, 0
18.135990142822266, 0, 102.0, 0
18.239781379699707, -1, 102.0, 0
18.34374690055847, 11, 101.0, 0
18.44769263267517, 3, 102.0, 0
18.551701307296753, -4, 109.0, 0
18.671698808670044, 4, 109.0, 0
18.775688409805298, -9, 103.0, 0
18.895820140838623, -1, 123.0, 0
19.03985023498535, 1, 134.0, 0
19.20769953727722, 3, 171.0, 0
20.055891752243042, -1, 823.0, 0
21.02390432357788, 1, 944.0, 0
24.3438777923584, -1, 3246.0, 0
24.727809190750122, -15, 371.0, 0
24.831868410110474, -113, 101.0, 0
24.935975074768066, 159, 102.0, 0
25.039929151535034, 505, 101.0, 0
25.143927812576294, 909, 102.0, 0
25.24797010421753, 1372, 102.0, 0
25.351956844329834, 1764, 101.0, 0
25.455806255340576, 2045, 102.0, 0
25.55967402458191, 2471, 101.0, 0
25.663673639297485, 2851, 102.0, 0
25.76766014099121, 3122, 102.0, 0
25.871673107147217, 3318, 101.0, 0
25.97566819190979, 3408, 102.0, 0
26.079667806625366, 3794, 101.0, 0
26.18390393257141, 4254, 102.0, 0
26.28787636756897, 4864, 101.0, 0
26.39180064201355, 5629, 102.0, 0
26.49590802192688, 6212, 101.0, 0
26.59989881515503, 6913, 102.0, 0
26.703758001327515, 7291, 102.0, 0
26.80775809288025, 7761, 101.0, 0
26.91174817085266, 8154, 102.0, 0
27.01586413383484, 8434, 101.0, 0
27.11992907524109, 8720, 102.0, 0
27.223965883255005, 8734, 101.0, 0
27.327805995941162, 8737, 102.0, 0
27.431979417800903, 8676, 102.0, 0
27.53572678565979, 8932, 101.0, 0
27.639671802520752, 9152, 102.0, 0
27.743688344955444, 9247, 101.0, 0
27.847904682159424, 9727, 102.0, 0
27.951683282852173, 10157, 101.0, 0
28.055794715881348, 10548, 102.0, 0
28.159764051437378, 10970, 102.0, 0
28.263817310333252, 11034, 101.0, 0
28.367796182632446, 11134, 102.0, 0
28.471808433532715, 10950, 102.0, 0
28.57580018043518, 10910, 101.0, 0
28.679779767990112, 10955, 101.0, 0
28.78378963470459, 10981, 102.0, 0
28.887791872024536, 11015, 102.0, 0
28.991802215576172, 10521, 101.0, 0
29.09578585624695, 9746, 102.0, 0
29.199785947799683, 10089, 101.0, 0
29.303784608840942, 8208, 102.0, 0
29.407952547073364, 4458, 102.0, 0
29.511804342269897, 8521, 101.0, 0
29.61587953567505, 10271, 102.0, 0
29.719913005828857, 10954, 101.0, 0
29.823787927627563, 10691, 102.0, 0
29.927717924118042, 10764, 102.0, 0
30.03169822692871, 9611, 101.0, 0
30.13567090034485, 9365, 102.0, 0
30.239670753479004, 8008, 102.0, 0
30.343711853027344, 7293, 101.0, 0
30.44771146774292, 5717, 102.0, 0
30.551849365234375, 4146, 101.0, 0
30.655709981918335, 3199, 102.0, 0
30.759688138961792, 1888, 101.0, 0
30.863696813583374, 1257, 102.0, 0
30.967761516571045, 618, 101.0, 0
31.071709632873535, 199, 102.0, 0
31.175702333450317, 45, 101.0, 0
31.27969479560852, -245, 102.0, 0
31.38454580307007, -41, 101.0, 0
31.487780570983887, -214, 102.0, 0
31.591818809509277, -105, 101.0, 0
31.69567108154297, -101, 102.0, 0
31.799670696258545, -147, 102.0, 0
31.91966676712036, -96, 117.0, 0
32.02375769615173, -76, 102.0, 0
32.12797260284424, 56, 101.0, 0
32.23193430900574, -28, 102.0, 0
32.33576560020447, 21, 101.0, 0
32.43977117538452, -1, 102.0, 0
32.543785572052, -19, 102.0, 0
32.64776945114136, 32, 101.0, 0
32.751771211624146, -33, 102.0, 0
32.863749980926514, 24, 109.0, 0
32.975921630859375, -14, 110.0, 0
33.08778142929077, 4, 109.0, 0
33.46367359161377, 1, 369.0, 0
34.09584665298462, -1, 619.0, 0
