TimeRecording, PositionChange, TimeChange, IndexTriggered
2.6067709922790527, -1, 0.0, 0
2.934406280517578, -5, 321.0, 0
3.198482036590576, 3, 259.0, 0
3.406419277191162, -1, 206.0, 0
3.766310453414917, 1, 352.0, 0
4.934478998184204, 1, 1140.0, 0
6.710445165634155, -1, 1735.0, 0
9.126408815383911, -3, 2354.0, 0
9.254609107971191, 6, 128.0, 0
9.422330617904663, -1, 166.0, 0
9.550301790237427, 0, 119.0, 0
9.846301794052124, -3, 295.0, 0
10.206470727920532, 1, 350.0, 0
10.750300407409668, -1, 528.0, 0
11.294440746307373, 3, 531.0, 0
11.710418701171875, -3, 411.0, 0
12.11833643913269, -1, 400.0, 0
12.734424829483032, -3, 600.0, 0
13.086421728134155, -3, 342.0, 0
13.34241509437561, 2, 246.0, 0
13.446717023849487, -5, 101.0, 0
13.550535678863525, 13, 102.0, 0
13.65456509590149, -4, 101.0, 0
13.758498907089233, -24, 105.0, 0
13.870290994644165, 18, 110.0, 0
13.98232650756836, 4, 108.0, 0
14.094286441802979, -8, 107.0, 0
14.27830958366394, 9, 187.0, 0
14.526550531387329, -5, 237.0, 0
14.750282764434814, 1, 220.0, 0
15.27041482925415, 3, 511.0, 0
16.238482236862183, -1, 944.0, 0
20.52640438079834, -33, 4182.0, 0
20.630404472351074, -13, 101.0, 0
20.734413623809814, 283, 102.0, 0
20.838273286819458, 697, 101.0, 0
20.942275285720825, 1193, 102.0, 0
21.04627823829651, 1717, 102.0, 0
21.150283336639404, 2303, 101.0, 0
21.254415035247803, 2668, 102.0, 0
21.358341693878174, 3096, 101.0, 0
21.462440013885498, 3358, 102.0, 0
21.566514015197754, 3572, 102.0, 0
21.6707284450531, 3686, 101.0, 0
21.77430486679077, 3530, 102.0, 0
21.878281593322754, 3470, 102.0, 0
21.982282638549805, 3376, 101.0, 0
22.086281061172485, 3360, 102.0, 0
22.19028067588806, 3368, 101.0, 0
22.29429602622986, 3384, 102.0, 0
22.398305654525757, 3474, 102.0, 0
22.502447605133057, 3578, 101.0, 0
22.606430292129517, 3729, 102.0, 0
22.710424661636353, 3781, 101.0, 0
22.81442952156067, 3856, 102.0, 0
22.918508768081665, 3818, 102.0, 0
23.022427558898926, 3805, 101.0, 0
23.12657356262207, 3809, 102.0, 0
23.230297327041626, 3774, 101.0, 0
23.33428645133972, 3738, 102.0, 0
23.43848752975464, 3812, 101.0, 0
23.542389154434204, 3760, 102.0, 0
23.646304845809937, 3740, 101.0, 0
23.750314474105835, 3616, 102.0, 0
23.85432004928589, 3518, 102.0, 0
23.958588123321533, 3447, 101.0, 0
24.062564849853516, 3343, 102.0, 0
24.166358709335327, 3359, 101.0, 0
24.27030658721924, 3301, 102.0, 0
24.374308824539185, 3368, 101.0, 0
24.47844123840332, 3314, 102.0, 0
24.582316398620605, 3391, 101.0, 0
24.686306476593018, 3368, 102.0, 0
24.790440320968628, 3404, 101.0, 0
24.894515991210938, 3401, 102.0, 0
24.998864889144897, 3435, 101.0, 0
25.10260820388794, 3499, 102.0, 0
25.206557750701904, 3432, 101.0, 0
25.31059217453003, 3564, 102.0, 0
25.415359258651733, 3458, 102.0, 0
25.518784284591675, 3539, 101.0, 0
25.62257695198059, 3506, 102.0, 0
25.726581573486328, 3465, 101.0, 0
25.830559730529785, 3581, 102.0, 0
25.934540510177612, 3536, 101.0, 0
26.038572788238525, 3634, 102.0, 0
26.142524003982544, 3658, 101.0, 0
26.24653673171997, 3763, 102.0, 0
26.350521326065063, 3810, 102.0, 0
26.454371690750122, 3738, 101.0, 0
26.558472633361816, 3762, 102.0, 0
26.66231393814087, 3692, 101.0, 0
26.76639461517334, 3563, 102.0, 0
26.870327711105347, 3506, 102.0, 0
26.974326610565186, 3438, 101.0, 0
27.07830309867859, 3451, 102.0, 0
27.18266725540161, 3467, 101.0, 0
27.286312341690063, 3421, 102.0, 0
27.39042592048645, 3439, 102.0, 0
27.494320392608643, 3454, 101.0, 0
27.598294734954834, 3430, 102.0, 0
27.702298641204834, 3512, 101.0, 0
27.80629277229309, 3490, 102.0, 0
27.910420656204224, 3446, 101.0, 0
28.0144944190979, 3467, 102.0, 0
28.118521690368652, 3443, 101.0, 0
28.22241997718811, 3440, 102.0, 0
28.326428413391113, 3502, 102.0, 0
28.43048644065857, 3446, 101.0, 0
28.53441333770752, 3493, 102.0, 0
28.6384756565094, 3408, 101.0, 0
28.742401599884033, 3478, 102.0, 0
28.846424341201782, 3339, 101.0, 0
28.950398445129395, 3440, 102.0, 0
29.054531574249268, 2261, 102.0, 0
29.1584734916687, 319, 101.0, 0
29.26247525215149, 2329, 102.0, 0
29.366477489471436, 1805, 102.0, 0
29.47040367126465, 2972, 101.0, 0
29.574434518814087, 4076, 102.0, 0
29.678668975830078, 5231, 101.0, 0
29.782445192337036, 4888, 102.0, 0
29.886390686035156, 1851, 101.0, 0
29.9904146194458, 1881, 102.0, 0
30.094544887542725, 2264, 101.0, 0
30.198868989944458, 4275, 102.0, 0
30.302575826644897, 2232, 101.0, 0
30.40656065940857, 3501, 102.0, 0
30.51042652130127, 3501, 101.0, 0
30.61437463760376, 3279, 102.0, 0
30.718358993530273, 2942, 102.0, 0
30.822307109832764, 3148, 101.0, 0
30.926305532455444, 4000, 102.0, 0
31.030308485031128, 3423, 101.0, 0
31.134357690811157, 4180, 102.0, 0
31.23858880996704, 3578, 102.0, 0
31.342323303222656, 3792, 101.0, 0
31.4463951587677, 3128, 102.0, 0
31.550296545028687, 2480, 101.0, 0
31.65432572364807, 1964, 102.0, 0
31.75831151008606, 976, 101.0, 0
31.862327337265015, 716, 102.0, 0
31.966336011886597, 40, 102.0, 0
32.070517778396606, -108, 101.0, 0
32.17455077171326, -107, 102.0, 0
32.27851486206055, -246, 101.0, 0
32.382396936416626, 95, 102.0, 0
32.48631262779236, -77, 101.0, 0
32.59030628204346, 117, 102.0, 0
32.694294929504395, 29, 102.0, 0
32.798293352127075, -26, 101.0, 0
32.90229249000549, 40, 102.0, 0
33.00656509399414, -61, 102.0, 0
33.110801219940186, 12, 101.0, 0
33.21449160575867, -12, 102.0, 0
33.318297147750854, -60, 101.0, 0
33.422319650650024, 66, 107.0, 0
33.52632784843445, -29, 96.0, 0
33.63828492164612, 21, 110.0, 0
33.74231314659119, -11, 102.0, 0
33.87853789329529, 13, 132.0, 0
34.09441947937012, -3, 218.0, 0
34.206603050231934, 5, 103.0, 0
34.35046148300171, 14, 141.0, 0
34.52640748023987, -3, 171.0, 0
34.85430073738098, -9, 322.0, 0
34.958308935165405, -36, 100.0, 0
35.12641429901123, 14, 168.0, 0
35.27043342590332, 12, 137.0, 0
35.374430418014526, -25, 101.0, 0
35.47854542732239, -13, 105.0, 0
35.63041591644287, 10, 150.0, 0
35.774410009384155, 9, 143.0, 0
35.926435232162476, -1, 142.0, 0
36.07047629356384, -7, 144.0, 0
36.35029196739197, 5, 274.0, 0
