TimeRecording, PositionChange, TimeChange, IndexTriggered
4.004783868789673, 19, 3138.0, 0
4.1087892055511475, 4, 102.0, 0
4.220772743225098, 24, 109.0, 0
4.324892997741699, 5, 102.0, 0
4.428915977478027, -3, 101.0, 0
4.5406787395477295, 31, 114.0, 0
4.6926796436309814, 12, 144.0, 0
4.796675443649292, -1, 102.0, 0
4.964642763137817, 2, 169.0, 0
5.10064697265625, 5, 128.0, 0
5.220947504043579, 8, 117.0, 0
5.356701135635376, -5, 133.0, 0
5.484651803970337, -1, 132.0, 0
5.604742050170898, 9, 111.0, 0
5.780649185180664, 1, 175.0, 0
5.91672158241272, 1, 129.0, 0
6.0209057331085205, 12, 101.0, 0
6.148665428161621, -6, 130.0, 0
6.3326427936553955, -3, 175.0, 0
6.572643995285034, 7, 235.0, 0
6.676668882369995, -5, 101.0, 0
6.804830551147461, 0, 128.0, 0
7.036802530288696, 1, 226.0, 0
7.444805383682251, 1, 397.0, 0
7.756937503814697, -1, 311.0, 0
8.100812673568726, -1, 335.0, 0
8.324800729751587, -1, 213.0, 0
8.5087890625, 1, 182.0, 0
8.6849205493927, 10, 168.0, 0
8.860810995101929, 1, 175.0, 0
8.972821712493896, -17, 107.0, 0
9.076965808868408, -40, 101.0, 0
9.180651903152466, 25, 102.0, 0
9.292654752731323, -7, 110.0, 0
9.396656513214111, -54, 101.0, 0
9.500640153884888, -31, 102.0, 0
9.60463833808899, -6, 101.0, 0
9.70864725112915, 16, 102.0, 0
9.820771932601929, 2, 109.0, 0
9.932838439941406, -29, 110.0, 0
10.036829233169556, 28, 101.0, 0
10.148800373077393, -5, 109.0, 0
10.268795013427734, -16, 117.0, 0
10.412874221801758, 12, 147.0, 0
10.740802526473999, -1, 316.0, 0
11.060828924179077, -1, 317.0, 0
11.980877876281738, -1, 899.0, 0
15.516709804534912, -1, 3448.0, 0
15.652641773223877, -3, 131.0, 0
15.78064751625061, 2, 130.0, 0
16.09268546104431, 1, 307.0, 0
16.380781412124634, 3, 281.0, 0
16.556787967681885, 1, 169.0, 0
16.844788312911987, -1, 283.0, 0
17.06085443496704, -5, 208.0, 0
17.284797191619873, -7, 215.0, 0
17.540793895721436, 13, 252.0, 0
17.652904510498047, -14, 108.0, 0
17.765068292617798, 10, 115.0, 0
17.868771076202393, 2, 96.0, 0
17.980772018432617, -6, 109.0, 0
18.156684160232544, 0, 178.0, 0
18.36469268798828, -1, 199.0, 0
18.780828714370728, 1, 409.0, 0
19.260799884796143, 3, 471.0, 0
20.57288694381714, -1, 1277.0, 0
20.956787109375, 3, 378.0, 0
21.172834396362305, -7, 213.0, 0
21.300933361053467, 7, 118.0, 0
21.500810384750366, -5, 198.0, 0
21.900803565979004, 3, 393.0, 0
22.244773387908936, -1, 333.0, 0
22.524885654449463, -1, 276.0, 0
22.9648597240448, -1, 430.0, 0
23.308791160583496, 1, 334.0, 0
23.748834133148193, -3, 430.0, 0
23.852835178375244, -4, 98.0, 0
23.95677423477173, -15, 102.0, 0
24.06078577041626, 19, 101.0, 0
24.1648006439209, -7, 101.0, 0
24.26878261566162, 4, 102.0, 0
24.388773679733276, 5, 123.0, 0
24.532888412475586, -5, 136.0, 0
24.63678240776062, -3, 108.0, 0
24.740917205810547, 7, 94.0, 0
25.148683071136475, -2, 399.0, 0
25.444693565368652, 1, 288.0, 0
25.74885582923889, -1, 304.0, 0
26.468701601028442, -1, 700.0, 0
30.18884825706482, 1, 3629.0, 0
30.47677755355835, -3, 282.0, 0
30.580899953842163, 158, 100.0, 0
30.68490695953369, 108, 102.0, 0
30.78898859024048, 535, 101.0, 0
30.892637252807617, 751, 102.0, 0
30.996647834777832, 1154, 102.0, 0
31.100637197494507, 1534, 101.0, 0
31.20477056503296, 2001, 102.0, 0
31.308648586273193, 2520, 101.0, 0
31.412676095962524, 3024, 102.0, 0
31.516645193099976, 3487, 101.0, 0
31.620786666870117, 4005, 102.0, 0
31.72518801689148, 4358, 101.0, 0
31.828794479370117, 4848, 102.0, 0
31.93265461921692, 5158, 102.0, 0
32.036653995513916, 5597, 101.0, 0
32.140787839889526, 5873, 102.0, 0
32.24466896057129, 6120, 101.0, 0
32.34864068031311, 6482, 102.0, 0
32.4527108669281, 6513, 102.0, 0
32.55671143531799, 6705, 101.0, 0
32.660873889923096, 6889, 102.0, 0
32.76487731933594, 6963, 101.0, 0
32.868759870529175, 7307, 102.0, 0
32.97283864021301, 7469, 101.0, 0
33.07666563987732, 7539, 102.0, 0
33.18064999580383, 7662, 102.0, 0
33.284640073776245, 7625, 101.0, 0
33.38871431350708, 7577, 102.0, 0
33.49269509315491, 7420, 101.0, 0
33.59677243232727, 7380, 102.0, 0
33.700923442840576, 7220, 102.0, 0
33.805036783218384, 7131, 101.0, 0
33.90894341468811, 7205, 102.0, 0
34.013049602508545, 7023, 101.0, 0
34.11693787574768, 7121, 102.0, 0
34.22078895568848, 7032, 101.0, 0
34.324809074401855, 7161, 102.0, 0
34.42877531051636, 7141, 101.0, 0
34.53265714645386, 7242, 102.0, 0
34.636672496795654, 7305, 102.0, 0
34.74067139625549, 7455, 101.0, 0
34.84467172622681, 7737, 102.0, 0
34.948729038238525, 7704, 102.0, 0
35.052887201309204, 7648, 101.0, 0
35.15664029121399, 7574, 102.0, 0
35.260642290115356, 7529, 101.0, 0
35.36464238166809, 7349, 102.0, 0
35.46864652633667, 7079, 101.0, 0
35.57261896133423, 5481, 102.0, 0
35.67681002616882, 5999, 101.0, 0
35.78084945678711, 6351, 102.0, 0
35.88486409187317, 6516, 101.0, 0
35.98891544342041, 3065, 102.0, 0
36.09297466278076, 4857, 101.0, 0
36.19673728942871, 6902, 102.0, 0
36.30066156387329, 7404, 101.0, 0
36.4046905040741, 7633, 102.0, 0
36.508647441864014, 7449, 101.0, 0
36.61263728141785, 7462, 102.0, 0
36.7166690826416, 6971, 101.0, 0
36.820631980895996, 6997, 102.0, 0
36.92492175102234, 7324, 101.0, 0
37.028780460357666, 6155, 102.0, 0
37.13308310508728, 6167, 102.0, 0
37.23667669296265, 4801, 101.0, 0
37.34068179130554, 4087, 102.0, 0
37.44465756416321, 2759, 101.0, 0
37.54866576194763, 1690, 102.0, 0
37.65264177322388, 1143, 102.0, 0
37.756651401519775, 330, 101.0, 0
37.86064267158508, 347, 102.0, 0
37.96481442451477, -236, 101.0, 0
38.0689332485199, -180, 102.0, 0
38.172637939453125, -67, 101.0, 0
38.2768030166626, -139, 102.0, 0
38.38078594207764, -5, 102.0, 0
38.484769344329834, -105, 101.0, 0
38.58877468109131, -87, 102.0, 0
38.692655086517334, -68, 101.0, 0
38.79680514335632, 73, 102.0, 0
38.900951862335205, -30, 101.0, 0
39.00490474700928, 42, 102.0, 0
39.10876727104187, -52, 101.0, 0
39.22886919975281, 23, 118.0, 0
39.340665102005005, 10, 109.0, 0
39.44467520713806, -25, 101.0, 0
39.58869671821594, 11, 148.0, 0
39.708638191223145, 7, 110.0, 0
39.876758337020874, -6, 165.0, 0
40.46084523200989, 1, 576.0, 0
43.077017307281494, -3, 2556.0, 0
45.10889434814453, -3, 1977.0, 0
