TimeRecording, PositionChange, TimeChange, IndexTriggered
0.7551703453063965, 18, 118.0, 0
0.8658690452575684, 8, 107.0, 0
0.9772906303405762, 26, 111.0, 0
1.0813484191894531, -65, 100.0, 0
1.1851012706756592, -4, 102.0, 0
1.2891991138458252, -1, 101.0, 0
1.393261194229126, 11, 102.0, 0
1.5214042663574219, 1, 132.0, 0
1.6414947509765625, -12, 110.0, 0
1.7452738285064697, 3, 102.0, 0
1.913184404373169, 5, 164.0, 0
2.0254292488098145, 6, 111.0, 0
2.137328624725342, -4, 108.0, 0
2.3851420879364014, -3, 246.0, 0
6.625158786773682, 1, 4140.0, 0
9.297154903411865, -3, 2608.0, 0
9.71299123764038, -3, 407.0, 0
10.064992666244507, 1, 347.0, 0
10.257124185562134, 3, 182.0, 0
10.441128730773926, -4, 183.0, 0
10.745016813278198, 1, 297.0, 0
11.257227420806885, 1, 503.0, 0
15.553163766860962, -3, 4191.0, 0
16.11306619644165, 3, 545.0, 0
16.272984981536865, -1, 158.0, 0
16.417001485824585, 1, 143.0, 0
16.657121896743774, -3, 232.0, 0
16.993117809295654, 1, 326.0, 0
17.20922875404358, -1, 217.0, 0
17.441423416137695, 3, 223.0, 0
17.888984203338623, -1, 435.0, 0
18.064987182617188, 1, 173.0, 0
18.21700358390808, -1, 146.0, 0
18.361363649368286, 0, 143.0, 0
19.137107133865356, -1, 763.0, 0
19.609113216400146, -5, 455.0, 0
19.713125228881836, -1, 101.0, 0
19.817124605178833, 2, 101.0, 0
19.921291828155518, -9, 102.0, 0
20.02516198158264, -15, 102.0, 0
20.12915873527527, 20, 101.0, 0
20.233140230178833, 13, 102.0, 0
20.345178842544556, -7, 109.0, 0
20.45713973045349, -4, 111.0, 0
20.58524489402771, 6, 129.0, 0
20.79314136505127, -9, 198.0, 0
20.905134677886963, 4, 115.0, 0
21.145162343978882, 1, 232.0, 0
22.00104546546936, 1, 840.0, 0
27.073142051696777, 3, 4950.0, 0
27.177257299423218, 53, 97.0, 0
27.281063556671143, 136, 101.0, 0
27.385164499282837, 602, 102.0, 0
27.48900079727173, 889, 101.0, 0
27.592994928359985, 1367, 102.0, 0
27.696996688842773, 1684, 101.0, 0
27.801047801971436, 1664, 102.0, 0
27.9050030708313, 1767, 102.0, 0
28.00913667678833, 2070, 101.0, 0
28.11312437057495, 2550, 102.0, 0
28.217125177383423, 3024, 101.0, 0
28.321691751480103, 3398, 102.0, 0
28.425246000289917, 3696, 101.0, 0
28.52914023399353, 3900, 102.0, 0
28.63301420211792, 3945, 101.0, 0
28.73700714111328, 3905, 102.0, 0
28.841073989868164, 3838, 101.0, 0
28.945028066635132, 3774, 102.0, 0
29.04904317855835, 3708, 102.0, 0
29.153273344039917, 3661, 101.0, 0
29.25729489326477, 3630, 102.0, 0
29.36140775680542, 3623, 101.0, 0
29.465161561965942, 3554, 102.0, 0
29.569056749343872, 3431, 101.0, 0
29.673018217086792, 3400, 102.0, 0
29.777013301849365, 3393, 101.0, 0
29.88105869293213, 3436, 102.0, 0
29.98501420021057, 3482, 101.0, 0
30.089014291763306, 3498, 102.0, 0
30.193281412124634, 3565, 102.0, 0
30.29720664024353, 3517, 101.0, 0
30.401187896728516, 3512, 102.0, 0
30.505006551742554, 3539, 101.0, 0
30.609004259109497, 3517, 102.0, 0
30.71300435066223, 3560, 102.0, 0
30.81699848175049, 3629, 101.0, 0
30.92098879814148, 3797, 102.0, 0
31.025007009506226, 3857, 101.0, 0
31.12938904762268, 3987, 102.0, 0
31.2330641746521, 3945, 102.0, 0
31.336998224258423, 3914, 101.0, 0
31.44099259376526, 3922, 102.0, 0
31.545021533966064, 3819, 101.0, 0
31.649019956588745, 3744, 102.0, 0
31.75299835205078, 3655, 102.0, 0
31.85706639289856, 3641, 101.0, 0
31.96149206161499, 3643, 102.0, 0
32.0652551651001, 3555, 101.0, 0
32.16918683052063, 3564, 102.0, 0
32.27319955825806, 3463, 101.0, 0
32.377116441726685, 3463, 102.0, 0
32.480990409851074, 3464, 102.0, 0
32.58517026901245, 3476, 101.0, 0
32.68903923034668, 3408, 102.0, 0
32.79302215576172, 3512, 101.0, 0
32.897021532058716, 3557, 102.0, 0
33.000993490219116, 3725, 101.0, 0
33.10525298118591, 3739, 102.0, 0
33.20927667617798, 3782, 102.0, 0
33.31328368186951, 3773, 101.0, 0
33.41704082489014, 3813, 102.0, 0
33.52105236053467, 3801, 101.0, 0
33.62499213218689, 3800, 102.0, 0
33.7289924621582, 3734, 101.0, 0
33.833003520965576, 3758, 102.0, 0
33.93722081184387, 3725, 102.0, 0
34.04117035865784, 3689, 101.0, 0
34.145166873931885, 3716, 102.0, 0
34.24914312362671, 3662, 101.0, 0
34.35316252708435, 3571, 102.0, 0
34.457154273986816, 3545, 101.0, 0
34.561196088790894, 3526, 102.0, 0
34.66555881500244, 3618, 101.0, 0
34.76929593086243, 3544, 102.0, 0
34.87310552597046, 3645, 102.0, 0
34.97712755203247, 3567, 101.0, 0
35.081178426742554, 3654, 102.0, 0
35.18512320518494, 3677, 101.0, 0
35.28911328315735, 3665, 102.0, 0
35.393221378326416, 3655, 102.0, 0
35.497228145599365, 3444, 101.0, 0
35.60106015205383, 1564, 102.0, 0
35.70519709587097, 2624, 101.0, 0
35.80909585952759, 2150, 102.0, 0
35.91309404373169, 2506, 101.0, 0
36.01704382896423, 3651, 102.0, 0
36.12106370925903, 4643, 102.0, 0
36.22514820098877, 4743, 101.0, 0
36.3291552066803, 2559, 102.0, 0
36.43329191207886, 3877, 101.0, 0
36.53729748725891, 3583, 102.0, 0
36.6414098739624, 4158, 102.0, 0
36.74516677856445, 3740, 101.0, 0
36.849299907684326, 3285, 102.0, 0
36.95326066017151, 4063, 102.0, 0
37.05727005004883, 3462, 101.0, 0
37.16142392158508, 3427, 102.0, 0
37.265291929244995, 3313, 101.0, 0
37.36927604675293, 3545, 102.0, 0
37.47327470779419, 3573, 101.0, 0
37.57730460166931, 3484, 102.0, 0
37.681413888931274, 3489, 102.0, 0
37.785271406173706, 3393, 101.0, 0
37.88928198814392, 3426, 102.0, 0
37.99326181411743, 3449, 101.0, 0
38.0972158908844, 3415, 102.0, 0
38.20141005516052, 3397, 101.0, 0
38.30509424209595, 3203, 102.0, 0
38.40910220146179, 2668, 102.0, 0
38.513006925582886, 2117, 101.0, 0
38.617008686065674, 1428, 102.0, 0
38.72106146812439, 881, 101.0, 0
38.825019121170044, 411, 102.0, 0
38.929001569747925, -51, 102.0, 0
39.033262729644775, -127, 101.0, 0
39.137017488479614, -163, 102.0, 0
39.24099397659302, -52, 102.0, 0
39.34500026702881, -41, 106.0, 0
39.44921064376831, 60, 97.0, 0
39.57727026939392, 42, 125.0, 0
39.681241273880005, 18, 101.0, 0
39.7933132648468, -64, 110.0, 0
39.90538811683655, 3, 114.0, 0
40.017255783081055, 32, 105.0, 0
40.12924146652222, -6, 111.0, 0
40.23352003097534, -36, 100.0, 0
40.33713388442993, 27, 107.0, 0
40.44919729232788, 3, 104.0, 0
40.56136512756348, -12, 109.0, 0
40.67315649986267, 8, 109.0, 0
40.80114817619324, -1, 130.0, 0
40.953320264816284, -5, 146.0, 0
41.24115991592407, 5, 285.0, 0
41.401530265808105, -3, 151.0, 0
41.63329601287842, -1, 227.0, 0
42.36901926994324, 1, 718.0, 0
42.552995681762695, 19, 179.0, 0
42.697009801864624, 5, 142.0, 0
42.81716203689575, -30, 116.0, 0
42.936994791030884, 5, 117.0, 0
43.08099412918091, -19, 141.0, 0
43.18511700630188, -30, 101.0, 0
43.297024726867676, 19, 110.0, 0
43.40108108520508, 28, 101.0, 0
43.553062200546265, 13, 151.0, 0
43.673296213150024, -22, 120.0, 0
43.929131269454956, -5, 245.0, 0
44.13700580596924, -2, 204.0, 0
44.417094469070435, 7, 278.0, 0
44.696993827819824, 1, 275.0, 0
45.28130650520325, 3, 565.0, 0
45.76140093803406, -11, 470.0, 0
45.95309233665466, -14, 188.0, 0
46.09708380699158, -16, 139.0, 0
46.25700879096985, -21, 155.0, 0
