TimeRecording, PositionChange, TimeChange, IndexTriggered
0.8530032634735107, 46, 0.0, 0
0.9563963413238525, 0, 298.0, 0
1.0602748394012451, -56, 101.0, 0
1.1642506122589111, 42, 102.0, 0
1.2762975692749023, -34, 110.0, 0
1.3802604675292969, 35, 101.0, 0
1.492276906967163, -13, 109.0, 0
1.5964744091033936, -4, 102.0, 0
1.7003998756408691, 21, 101.0, 0
1.8042819499969482, -21, 102.0, 0
1.9162638187408447, 16, 110.0, 0
2.020296573638916, -6, 101.0, 0
2.1483938694000244, -2, 133.0, 0
2.4204657077789307, -3, 260.0, 0
2.612398624420166, 3, 189.0, 0
3.284372568130493, -1, 653.0, 0
6.156274080276489, 1, 2808.0, 0
6.30045223236084, -3, 139.0, 0
6.404501914978027, 61, 99.0, 0
6.5084898471832275, -11, 102.0, 0
6.724155426025391, -16, 211.0, 0
6.82818865776062, 74, 101.0, 0
6.932230472564697, -61, 102.0, 0
7.0361809730529785, 65, 102.0, 0
7.140236139297485, -51, 105.0, 0
7.244202136993408, 30, 105.0, 0
7.3483192920684814, -14, 94.0, 0
7.452310562133789, 15, 102.0, 0
7.5563013553619385, -20, 101.0, 0
7.6603193283081055, 20, 101.0, 0
7.764315843582153, -11, 102.0, 0
7.876293182373047, -4, 109.0, 0
7.9803197383880615, 13, 101.0, 0
8.108432292938232, -8, 125.0, 0
8.492457628250122, 1, 383.0, 0
10.492351293563843, -1, 1948.0, 0
12.556362390518188, 1, 2018.0, 0
14.524320840835571, 1, 1918.0, 0
14.756293535232544, -7, 225.0, 0
14.876376628875732, 8, 125.0, 0
15.156160116195679, -3, 274.0, 0
15.436283111572266, 1, 265.0, 0
16.01230812072754, 1, 569.0, 0
16.580353498458862, -1, 555.0, 0
17.316290140151978, -1, 719.0, 0
17.61227798461914, -1, 285.0, 0
18.3563871383667, 1, 729.0, 0
19.3243248462677, -3, 943.0, 0
19.492339849472046, -1, 166.0, 0
19.636218786239624, 3, 135.0, 0
19.788233518600464, 1, 153.0, 0
19.97217106819153, -11, 181.0, 0
20.340326070785522, -3, 354.0, 0
20.524312496185303, 10, 180.0, 0
20.700278997421265, -7, 172.0, 0
20.82016611099243, -9, 117.0, 0
20.924274682998657, 14, 105.0, 0
21.028188467025757, 8, 98.0, 0
21.14021062850952, -5, 109.0, 0
21.244214296340942, -10, 102.0, 0
21.356298208236694, 10, 109.0, 0
21.500545501708984, -2, 142.0, 0
21.66835069656372, -3, 163.0, 0
21.772314071655273, 5, 101.0, 0
22.012296676635742, -3, 238.0, 0
22.332625150680542, 1, 315.0, 0
22.796322107315063, 1, 449.0, 0
29.460281133651733, 3, 6510.0, 0
29.59626054763794, 7, 128.0, 0
29.70032048225403, 263, 102.0, 0
29.8042950630188, 448, 101.0, 0
29.908307790756226, 809, 101.0, 0
30.012296676635742, 1169, 102.0, 0
30.116294145584106, 1604, 101.0, 0
30.220398664474487, 1964, 102.0, 0
30.324445009231567, 2278, 102.0, 0
30.428277730941772, 2665, 101.0, 0
30.53220820426941, 2885, 102.0, 0
30.636235237121582, 3173, 101.0, 0
30.74026131629944, 3364, 102.0, 0
30.844292640686035, 3384, 102.0, 0
30.948251485824585, 3548, 101.0, 0
31.05242943763733, 3540, 102.0, 0
31.15645122528076, 3663, 101.0, 0
31.260436296463013, 3679, 102.0, 0
31.364425897598267, 3701, 101.0, 0
31.468456029891968, 3773, 102.0, 0
31.572444677352905, 3752, 101.0, 0
31.67643976211548, 3897, 102.0, 0
31.780425310134888, 3906, 101.0, 0
31.884442567825317, 3963, 102.0, 0
31.988415718078613, 4034, 102.0, 0
32.09240221977234, 3984, 101.0, 0
32.19647717475891, 4029, 102.0, 0
32.300442695617676, 4018, 101.0, 0
32.4044508934021, 3999, 102.0, 0
32.5083270072937, 3958, 101.0, 0
32.61247706413269, 3918, 102.0, 0
32.716463804244995, 3805, 102.0, 0
32.820276737213135, 3674, 101.0, 0
32.92427730560303, 3422, 102.0, 0
33.02829337120056, 3258, 101.0, 0
33.13256025314331, 3302, 102.0, 0
33.23658537864685, 3284, 101.0, 0
33.34063100814819, 3314, 102.0, 0
33.44448208808899, 3438, 101.0, 0
33.548547983169556, 3412, 102.0, 0
33.65253496170044, 3663, 102.0, 0
33.75645446777344, 3604, 101.0, 0
33.86046266555786, 3675, 102.0, 0
33.96442675590515, 3596, 101.0, 0
34.06842851638794, 3677, 102.0, 0
34.17251491546631, 3758, 102.0, 0
34.27644157409668, 3721, 101.0, 0
34.38029956817627, 3720, 102.0, 0
34.48418068885803, 3660, 101.0, 0
34.588175773620605, 3622, 102.0, 0
34.6923885345459, 3598, 101.0, 0
34.796186447143555, 3560, 102.0, 0
34.90018606185913, 3503, 101.0, 0
35.0041766166687, 3547, 102.0, 0
35.10844111442566, 3506, 102.0, 0
35.21231818199158, 3499, 101.0, 0
35.31631016731262, 3584, 102.0, 0
35.42031145095825, 3626, 101.0, 0
35.52429437637329, 3781, 102.0, 0
35.62829923629761, 3744, 101.0, 0
35.732316970825195, 3778, 102.0, 0
35.83629250526428, 3683, 101.0, 0
35.94041156768799, 3660, 102.0, 0
36.044447898864746, 3590, 102.0, 0
36.14829874038696, 3598, 101.0, 0
36.252416372299194, 3586, 102.0, 0
36.356170892715454, 3590, 101.0, 0
36.46018028259277, 3686, 102.0, 0
36.56417775154114, 3700, 101.0, 0
36.668169021606445, 3778, 102.0, 0
36.772178411483765, 3869, 102.0, 0
36.87616562843323, 3778, 101.0, 0
36.9802622795105, 3860, 102.0, 0
37.084296226501465, 3748, 101.0, 0
37.18829846382141, 3740, 102.0, 0
37.29245972633362, 3784, 101.0, 0
37.396159648895264, 3635, 102.0, 0
37.500303506851196, 3511, 102.0, 0
37.60418939590454, 3506, 101.0, 0
37.70817041397095, 3404, 102.0, 0
37.812177658081055, 3536, 101.0, 0
37.916173219680786, 3364, 102.0, 0
38.02044749259949, 3335, 101.0, 0
38.12442994117737, 1134, 102.0, 0
38.228431224823, 2640, 101.0, 0
38.33251452445984, 1867, 102.0, 0
38.43650245666504, 2849, 102.0, 0
38.54043126106262, 2886, 101.0, 0
38.64450001716614, 3904, 102.0, 0
38.748446464538574, 5507, 101.0, 0
38.85244798660278, 2793, 102.0, 0
38.956443309783936, 1233, 101.0, 0
39.06044316291809, 2439, 102.0, 0
39.16452741622925, 2269, 101.0, 0
39.26856350898743, 2736, 102.0, 0
39.37216067314148, 2670, 101.0, 0
39.476282835006714, 3740, 102.0, 0
39.58021068572998, 2805, 102.0, 0
39.684197187423706, 3492, 101.0, 0
39.78818607330322, 3037, 102.0, 0
39.892218589782715, 3853, 101.0, 0
39.99617576599121, 3314, 102.0, 0
40.10033392906189, 3780, 101.0, 0
40.204190254211426, 3860, 102.0, 0
40.30912733078003, 3641, 101.0, 0
40.41215944290161, 4058, 102.0, 0
40.51616072654724, 3637, 102.0, 0
40.62021446228027, 3824, 101.0, 0
40.724202394485474, 3534, 102.0, 0
40.82817625999451, 3071, 101.0, 0
40.932398557662964, 2720, 102.0, 0
41.03642725944519, 1923, 102.0, 0
41.140193939208984, 1433, 101.0, 0
41.24417781829834, 736, 102.0, 0
41.3483784198761, 313, 101.0, 0
41.45217823982239, 8, 102.0, 0
41.5561785697937, -171, 101.0, 0
41.660176515579224, -106, 102.0, 0
41.7642982006073, -125, 101.0, 0
41.86842608451843, 40, 102.0, 0
41.98043465614319, 48, 110.0, 0
42.08431816101074, 75, 101.0, 0
42.21228814125061, 23, 125.0, 0
42.31640100479126, 3, 101.0, 0
42.436309814453125, -1, 118.0, 0
42.54031252861023, -37, 101.0, 0
42.64443612098694, 4, 102.0, 0
42.79617667198181, -26, 155.0, 0
42.90816259384155, -7, 104.0, 0
43.0121591091156, 15, 100.0, 0
43.1161687374115, 26, 101.0, 0
43.228158712387085, -12, 115.0, 0
43.42029309272766, 1, 187.0, 0
43.61244535446167, 7, 188.0, 0
43.764143228530884, 5, 147.0, 0
43.94017958641052, -7, 168.0, 0
44.14019703865051, -22, 202.0, 0
44.26842403411865, 13, 118.0, 0
44.372281074523926, -13, 102.0, 0
44.51630401611328, -19, 140.0, 0
44.628421783447266, 12, 110.0, 0
