TimeRecording, PositionChange, TimeChange, IndexTriggered
1.9418537616729736, -1, 1563.0, 0
5.277785062789917, -1, 3260.0, 0
7.765518665313721, 3, 2432.0, 0
7.909742116928101, -3, 135.0, 0
8.22954535484314, -1, 313.0, 0
8.87765097618103, 1, 636.0, 0
9.197751998901367, 1, 308.0, 0
9.549777507781982, -1, 350.0, 0
10.533719539642334, -1, 955.0, 0
11.44576120376587, 1, 896.0, 0
12.581767082214355, -3, 1107.0, 0
12.717855453491211, -23, 128.0, 0
12.821689128875732, 9, 101.0, 0
12.925704956054688, 8, 102.0, 0
13.029828548431396, -6, 102.0, 0
13.133715867996216, 10, 101.0, 0
13.261685132980347, 1, 125.0, 0
13.373673915863037, -2, 110.0, 0
13.485690355300903, -3, 109.0, 0
13.749794483184814, 1, 259.0, 0
13.885997772216797, 5, 131.0, 0
14.205811023712158, -3, 316.0, 0
14.565577268600464, 1, 352.0, 0
15.221612691879272, -1, 640.0, 0
16.477766752243042, -1, 1230.0, 0
19.15768074989319, 3, 2614.0, 0
19.40567898750305, 20, 238.0, 0
19.50974988937378, 143, 102.0, 0
19.613686323165894, 247, 102.0, 0
19.71768069267273, 703, 101.0, 0
19.821557760238647, 1145, 102.0, 0
19.92566204071045, 1541, 101.0, 0
20.029714584350586, 2039, 102.0, 0
20.133541345596313, 2577, 101.0, 0
20.237525701522827, 2960, 102.0, 0
20.341540575027466, 3308, 102.0, 0
20.445536851882935, 3635, 101.0, 0
20.549756050109863, 3756, 102.0, 0
20.653680562973022, 3826, 102.0, 0
20.75766348838806, 3834, 101.0, 0
20.861687660217285, 3815, 102.0, 0
20.96569037437439, 3757, 101.0, 0
21.069747924804688, 3673, 102.0, 0
21.173662662506104, 3695, 101.0, 0
21.27766180038452, 3636, 102.0, 0
21.381641387939453, 3680, 102.0, 0
21.485661506652832, 3651, 102.0, 0
21.589982509613037, 3543, 101.0, 0
21.693849325180054, 3557, 102.0, 0
21.797650814056396, 3482, 101.0, 0
21.901628732681274, 3503, 102.0, 0
22.005557537078857, 3480, 101.0, 0
22.109599351882935, 3434, 102.0, 0
22.213555574417114, 3444, 102.0, 0
22.317553281784058, 3396, 101.0, 0
22.421833276748657, 3398, 102.0, 0
22.525568962097168, 3349, 101.0, 0
22.629537105560303, 3401, 102.0, 0
22.733558416366577, 3359, 101.0, 0
22.837559461593628, 3366, 102.0, 0
22.94155263900757, 3432, 101.0, 0
23.045542240142822, 3526, 102.0, 0
23.149763822555542, 3558, 101.0, 0
23.253795385360718, 3614, 102.0, 0
23.35798144340515, 3610, 102.0, 0
23.461783170700073, 3637, 101.0, 0
23.565797567367554, 3518, 102.0, 0
23.66997528076172, 3509, 101.0, 0
23.773759365081787, 3498, 102.0, 0
23.877779006958008, 3420, 101.0, 0
23.981833696365356, 3504, 102.0, 0
24.085635662078857, 3493, 101.0, 0
24.189547777175903, 3524, 102.0, 0
24.293545961380005, 3515, 101.0, 0
24.397541046142578, 3472, 102.0, 0
24.501612901687622, 3498, 101.0, 0
24.60563015937805, 3549, 102.0, 0
24.709573984146118, 3460, 101.0, 0
24.813794136047363, 3606, 102.0, 0
24.91784405708313, 3520, 101.0, 0
25.021806240081787, 3613, 102.0, 0
25.12593412399292, 3609, 102.0, 0
25.229532718658447, 3570, 101.0, 0
25.33368992805481, 3641, 102.0, 0
25.437538146972656, 3507, 102.0, 0
25.54153800010681, 3554, 101.0, 0
25.645629167556763, 3439, 102.0, 0
25.74952793121338, 3293, 101.0, 0
25.853546380996704, 3368, 102.0, 0
25.957780361175537, 3346, 101.0, 0
26.06177020072937, 3364, 102.0, 0
26.165813446044922, 3456, 101.0, 0
26.269734859466553, 3357, 102.0, 0
26.373795747756958, 3523, 101.0, 0
26.47780728340149, 3501, 102.0, 0
26.581719398498535, 3603, 102.0, 0
26.68555784225464, 3706, 101.0, 0
26.789544582366943, 3713, 102.0, 0
26.89370083808899, 3820, 101.0, 0
26.997557640075684, 3707, 102.0, 0
27.101527452468872, 3777, 102.0, 0
27.20552635192871, 3768, 101.0, 0
27.3095486164093, 3728, 102.0, 0
27.413649559020996, 3752, 101.0, 0
27.517647981643677, 3615, 102.0, 0
27.621731519699097, 3650, 102.0, 0
27.725675582885742, 2933, 101.0, 0
27.82974910736084, 1083, 102.0, 0
27.933655500411987, 2815, 101.0, 0
28.03764319419861, 1763, 102.0, 0
28.141703128814697, 2994, 101.0, 0
28.245928525924683, 2928, 102.0, 0
28.34957218170166, 3873, 101.0, 0
28.45356321334839, 2335, 102.0, 0
28.55766487121582, 3590, 102.0, 0
28.66163468360901, 1037, 101.0, 0
28.765530347824097, 2719, 102.0, 0
28.869532108306885, 3609, 101.0, 0
28.973552703857422, 2947, 102.0, 0
29.077913761138916, 3277, 101.0, 0
29.181581735610962, 3288, 102.0, 0
29.285585403442383, 2905, 101.0, 0
29.389548540115356, 3434, 102.0, 0
29.493632555007935, 2803, 102.0, 0
29.59768533706665, 3714, 101.0, 0
29.70163321495056, 3214, 102.0, 0
29.80570697784424, 3542, 101.0, 0
29.909916877746582, 3562, 102.0, 0
30.01382088661194, 3501, 101.0, 0
30.117636680603027, 3704, 102.0, 0
30.22165012359619, 3559, 102.0, 0
30.325557231903076, 3450, 101.0, 0
30.429552793502808, 2899, 102.0, 0
30.533617973327637, 2337, 101.0, 0
30.63757300376892, 1708, 102.0, 0
30.741620540618896, 971, 101.0, 0
30.845782995224, 543, 102.0, 0
30.949726343154907, 115, 101.0, 0
31.053809881210327, -155, 102.0, 0
31.16555666923523, -86, 109.0, 0
31.269543647766113, -200, 102.0, 0
31.373553037643433, 54, 102.0, 0
31.47754406929016, -18, 101.0, 0
31.581626415252686, 107, 102.0, 0
31.685626983642578, 18, 101.0, 0
31.789562702178955, 26, 102.0, 0
31.909851789474487, -11, 117.0, 0
32.021894693374634, 5, 109.0, 0
32.133933305740356, -28, 110.0, 0
32.23762106895447, 28, 101.0, 0
32.47755789756775, -3, 242.0, 0
32.69353699684143, -3, 205.0, 0
32.94167876243591, -1, 241.0, 0
33.341686964035034, 1, 398.0, 0
36.15754532814026, -1, 2746.0, 0
36.4775869846344, 1, 310.0, 0
36.837526082992554, 1, 355.0, 0
37.19766545295715, -1, 350.0, 0
37.78162908554077, -1, 574.0, 0
