TimeRecording, PositionChange, TimeChange, IndexTriggered
27.350528717041016, -1, 0.0, 0
34.69412684440613, 3, 7171.0, 0
34.86225628852844, -7, 166.0, 0
35.07810163497925, 9, 210.0, 0
35.39809274673462, -11, 315.0, 0
35.63815236091614, 9, 232.0, 0
36.09402823448181, -3, 445.0, 0
37.81416320800781, -1, 1680.0, 0
57.30211877822876, -1, 19031.0, 0
60.974308252334595, 1, 3592.0, 0
61.350183963775635, 1, 361.0, 0
61.733970165252686, 3, 380.0, 0
61.87796998023987, -5, 135.0, 0
62.12597179412842, 1, 246.0, 0
62.46202564239502, -1, 326.0, 0
62.98197674751282, -1, 511.0, 0
63.21424126625061, 1, 225.0, 0
63.55022120475769, -1, 326.0, 0
64.51799178123474, -1, 944.0, 0
64.91823744773865, -1, 398.0, 0
65.23813223838806, -5, 305.0, 0
65.35020685195923, 0, 110.0, 0
65.45426845550537, 12, 102.0, 0
65.5659990310669, 8, 109.0, 0
65.66999912261963, -17, 102.0, 0
65.7739999294281, -4, 104.0, 0
65.87799620628357, 2, 103.0, 0
65.9980103969574, 5, 118.0, 0
66.12599444389343, -3, 120.0, 0
66.2941370010376, -1, 167.0, 0
66.44613337516785, 7, 146.0, 0
66.94220352172852, -3, 487.0, 0
73.5501778125763, 3, 6454.0, 0
73.65412044525146, 64, 97.0, 0
73.7581090927124, 254, 101.0, 0
73.86215949058533, 659, 102.0, 0
73.96626114845276, 991, 101.0, 0
74.07012510299683, 1532, 102.0, 0
74.17409253120422, 1952, 102.0, 0
74.27809977531433, 2364, 101.0, 0
74.38209581375122, 2770, 102.0, 0
74.48612189292908, 2966, 101.0, 0
74.58998441696167, 3176, 102.0, 0
74.69399809837341, 3153, 101.0, 0
74.79830765724182, 3186, 102.0, 0
74.90232753753662, 3189, 102.0, 0
75.00609183311462, 3144, 101.0, 0
75.11001062393188, 3297, 102.0, 0
75.2140154838562, 3349, 101.0, 0
75.31801724433899, 3333, 102.0, 0
75.42201089859009, 3432, 102.0, 0
75.52600407600403, 3441, 101.0, 0
75.6299729347229, 3422, 102.0, 0
75.73416709899902, 3500, 101.0, 0
75.83811712265015, 3490, 102.0, 0
75.94213795661926, 3553, 101.0, 0
76.04612302780151, 3559, 102.0, 0
76.1502685546875, 3547, 101.0, 0
76.25412321090698, 3589, 102.0, 0
76.35799288749695, 3562, 101.0, 0
76.46200299263, 3544, 102.0, 0
76.56598567962646, 3630, 102.0, 0
76.66998791694641, 3493, 102.0, 0
76.77399778366089, 3674, 101.0, 0
76.87796950340271, 3533, 102.0, 0
76.9820806980133, 3608, 102.0, 0
77.08613419532776, 3585, 101.0, 0
77.19025659561157, 3545, 102.0, 0
77.29422783851624, 3628, 101.0, 0
77.3983268737793, 3566, 102.0, 0
77.5021378993988, 3513, 101.0, 0
77.60614514350891, 3584, 102.0, 0
77.71022176742554, 3464, 101.0, 0
77.8141233921051, 3547, 102.0, 0
77.91815400123596, 3486, 101.0, 0
78.02223682403564, 3434, 102.0, 0
78.12611055374146, 3499, 101.0, 0
78.23045134544373, 3395, 102.0, 0
78.33397698402405, 3477, 102.0, 0
78.43810677528381, 3452, 101.0, 0
78.54204869270325, 3427, 102.0, 0
78.6459732055664, 3419, 101.0, 0
78.74997329711914, 3432, 102.0, 0
78.85396981239319, 3456, 102.0, 0
78.95811462402344, 3479, 101.0, 0
79.06231451034546, 3432, 102.0, 0
79.16597104072571, 3501, 102.0, 0
79.26996850967407, 3461, 101.0, 0
79.37398481369019, 3525, 102.0, 0
79.47797012329102, 3468, 101.0, 0
79.58198261260986, 3470, 102.0, 0
79.68597030639648, 3578, 101.0, 0
79.79045820236206, 3454, 102.0, 0
79.8943612575531, 3510, 101.0, 0
79.99810266494751, 3545, 102.0, 0
80.10199022293091, 3497, 101.0, 0
80.2060010433197, 3575, 102.0, 0
80.30999183654785, 3507, 101.0, 0
80.41400146484375, 3540, 102.0, 0
80.51798939704895, 3522, 101.0, 0
80.62200593948364, 3559, 102.0, 0
80.72621011734009, 3625, 102.0, 0
80.83022594451904, 3599, 101.0, 0
80.93407344818115, 3588, 102.0, 0
81.03806972503662, 3628, 101.0, 0
81.14203643798828, 3566, 102.0, 0
81.24606227874756, 3607, 102.0, 0
81.34997248649597, 3565, 101.0, 0
81.45398259162903, 3118, 102.0, 0
81.55799841880798, 524, 101.0, 0
81.66226553916931, 2917, 102.0, 0
81.76619720458984, 2307, 101.0, 0
81.87028455734253, 3258, 102.0, 0
81.97423481941223, 3862, 101.0, 0
82.07822751998901, 4232, 102.0, 0
82.18218445777893, 5329, 101.0, 0
82.28600454330444, 3058, 102.0, 0
82.38998532295227, 2337, 102.0, 0
82.4939877986908, 2833, 101.0, 0
82.59804773330688, 3877, 102.0, 0
82.70197439193726, 3049, 102.0, 0
82.8059823513031, 3140, 101.0, 0
82.91005086898804, 3643, 102.0, 0
83.01416516304016, 2920, 101.0, 0
83.11808061599731, 3490, 102.0, 0
83.22197389602661, 2976, 102.0, 0
83.32598757743835, 3711, 101.0, 0
83.42994976043701, 3383, 102.0, 0
83.53399658203125, 3490, 101.0, 0
83.63796782493591, 3558, 102.0, 0
83.74203109741211, 3500, 101.0, 0
83.8461709022522, 3613, 102.0, 0
83.95018148422241, 3527, 101.0, 0
84.05419659614563, 3638, 102.0, 0
84.15798473358154, 3691, 101.0, 0
84.26197147369385, 3679, 102.0, 0
84.36597490310669, 3565, 102.0, 0
84.47038292884827, 2787, 101.0, 0
84.57408547401428, 2316, 102.0, 0
84.67797994613647, 1537, 101.0, 0
84.78203105926514, 841, 102.0, 0
84.88637375831604, 396, 102.0, 0
84.99005651473999, -45, 101.0, 0
85.09400534629822, -118, 102.0, 0
85.19805073738098, -157, 101.0, 0
85.30201363563538, -124, 102.0, 0
85.41399455070496, 24, 112.0, 0
85.54198241233826, 56, 122.0, 0
85.64617872238159, 30, 101.0, 0
85.82211661338806, 15, 172.0, 0
85.92619514465332, 2, 102.0, 0
86.06224250793457, -13, 133.0, 0
86.17445635795593, -17, 114.0, 0
86.38208436965942, -3, 201.0, 0
86.65409064292908, 9, 264.0, 0
