TimeRecording, PositionChange, TimeChange, IndexTriggered
0.9004380702972412, -13, 102.0, 0
1.0046441555023193, 5, 101.0, 0
1.1242494583129883, -5, 117.0, 0
1.2361104488372803, 14, 110.0, 0
1.4119219779968262, -8, 174.0, 0
1.523911714553833, -13, 113.0, 0
1.643972635269165, 20, 111.0, 0
1.755944013595581, -6, 110.0, 0
1.9239201545715332, -12, 167.0, 0
2.059906244277954, 13, 131.0, 0
2.1959381103515625, -18, 132.0, 0
2.2999119758605957, -2, 101.0, 0
2.419909954071045, 0, 119.0, 0
2.523983955383301, 7, 100.0, 0
2.627988338470459, -27, 105.0, 0
2.731954574584961, 20, 98.0, 0
2.8439035415649414, -5, 111.0, 0
2.947981595993042, -3, 100.0, 0
3.1479876041412354, -2, 200.0, 0
3.268223762512207, -8, 113.0, 0
3.4919261932373047, 3, 223.0, 0
3.5961999893188477, 26, 97.0, 0
3.780050039291382, 13, 184.0, 0
3.883862257003784, -29, 98.0, 0
4.059908866882324, 10, 172.0, 0
4.1882829666137695, 14, 129.0, 0
4.3398051261901855, -16, 144.0, 0
4.531795024871826, 6, 193.0, 0
4.667843580245972, 5, 130.0, 0
4.923787832260132, -5, 254.0, 0
5.507917642593384, 3, 565.0, 0
6.531984329223633, -3, 1006.0, 0
10.723928213119507, -1, 4093.0, 0
11.475979089736938, 1, 734.0, 0
12.611922979354858, 1, 1105.0, 0
12.899908065795898, 5, 283.0, 0
13.075978755950928, -9, 170.0, 0
13.435888290405273, 3, 354.0, 0
13.8358895778656, 3, 387.0, 0
14.33994746208191, -1, 492.0, 0
14.476056098937988, -5, 134.0, 0
14.691925048828125, 9, 210.0, 0
14.8758544921875, -11, 183.0, 0
15.147899150848389, 7, 267.0, 0
15.523833990097046, -1, 362.0, 0
16.331918716430664, 1, 795.0, 0
16.900022745132446, -5, 555.0, 0
17.08395218849182, -3, 176.0, 0
17.22810196876526, 3, 138.0, 0
17.635819911956787, 1, 399.0, 0
18.715909719467163, -7, 1060.0, 0
19.163776397705078, -4, 431.0, 0
19.267895936965942, -16, 101.0, 0
19.371798276901245, 5, 102.0, 0
19.475800037384033, 27, 102.0, 0
19.579922676086426, -23, 101.0, 0
19.68396806716919, -7, 102.0, 0
19.788261890411377, -2, 101.0, 0
19.891907215118408, 32, 102.0, 0
19.995917081832886, 18, 107.0, 0
20.147907972335815, -28, 150.0, 0
20.275777339935303, -14, 120.0, 0
20.411942958831787, 22, 131.0, 0
20.659905433654785, -9, 242.0, 0
20.772162675857544, 0, 109.0, 0
20.923834562301636, 9, 153.0, 0
21.179863214492798, -11, 245.0, 0
21.540037155151367, 3, 353.0, 0
22.39602303504944, 1, 841.0, 0
26.820039749145508, -1, 4321.0, 0
27.011908054351807, 3, 184.0, 0
27.18798828125, -9, 174.0, 0
27.300015687942505, 17, 104.0, 0
27.412092447280884, -12, 114.0, 0
27.523791790008545, 3, 105.0, 0
27.635783672332764, 0, 113.0, 0
27.89177894592285, 1, 250.0, 0
28.051786422729492, 26, 152.0, 0
28.155794382095337, 242, 102.0, 0
28.26005983352661, 288, 101.0, 0
28.364060401916504, 466, 102.0, 0
28.468281269073486, 751, 102.0, 0
28.57189702987671, 1122, 101.0, 0
28.675851345062256, 1622, 102.0, 0
28.77994656562805, 2085, 102.0, 0
28.883793830871582, 2594, 101.0, 0
28.987844228744507, 2957, 102.0, 0
29.091801166534424, 3256, 101.0, 0
29.195790767669678, 3477, 102.0, 0
29.299932956695557, 3779, 102.0, 0
29.403922080993652, 4284, 101.0, 0
29.507935285568237, 4822, 102.0, 0
29.61214518547058, 5331, 101.0, 0
29.715790271759033, 5833, 102.0, 0
29.81979489326477, 6312, 102.0, 0
29.92380380630493, 6695, 101.0, 0
30.02795696258545, 7019, 102.0, 0
30.131802558898926, 7446, 101.0, 0
30.235775470733643, 7864, 102.0, 0
30.339808225631714, 8285, 101.0, 0
30.443939208984375, 8529, 102.0, 0
30.548176050186157, 8940, 102.0, 0
30.651963710784912, 9188, 101.0, 0
30.755946159362793, 9571, 102.0, 0
30.859800577163696, 9791, 101.0, 0
30.964094638824463, 10066, 102.0, 0
31.06803560256958, 10156, 101.0, 0
31.171926021575928, 10237, 102.0, 0
31.27586531639099, 10313, 101.0, 0
31.379863262176514, 10249, 102.0, 0
31.483848571777344, 10349, 102.0, 0
31.588178873062134, 10347, 101.0, 0
31.692065477371216, 10358, 102.0, 0
31.79606032371521, 10419, 101.0, 0
31.900068044662476, 10313, 102.0, 0
32.0040922164917, 10342, 101.0, 0
32.10831880569458, 10463, 102.0, 0
32.21201682090759, 10514, 102.0, 0
32.316081523895264, 10603, 101.0, 0
32.42007040977478, 10901, 102.0, 0
32.52388072013855, 10805, 102.0, 0
32.62796592712402, 10632, 101.0, 0
32.73192119598389, 11181, 101.0, 0
32.835896253585815, 10133, 102.0, 0
32.939809799194336, 10952, 102.0, 0
33.04381060600281, 11185, 101.0, 0
33.14777851104736, 10151, 102.0, 0
33.25204944610596, 10584, 101.0, 0
33.35606789588928, 9974, 102.0, 0
33.460055351257324, 8947, 101.0, 0
33.56387233734131, 8511, 102.0, 0
33.66790723800659, 6817, 102.0, 0
33.771804094314575, 6397, 101.0, 0
33.87579345703125, 4226, 102.0, 0
33.979785203933716, 3607, 101.0, 0
34.08378219604492, 2163, 102.0, 0
34.18777847290039, 1520, 101.0, 0
34.29208564758301, 698, 102.0, 0
34.39602756500244, 141, 102.0, 0
34.500043869018555, 68, 101.0, 0
34.60405945777893, -219, 101.0, 0
34.70817756652832, -71, 102.0, 0
34.81617784500122, -349, 102.0, 0
34.91608953475952, -164, 101.0, 0
35.02814531326294, -150, 110.0, 0
35.13186836242676, -235, 101.0, 0
35.23577928543091, -106, 102.0, 0
35.339898347854614, -147, 101.0, 0
35.44394254684448, 100, 102.0, 0
35.547987937927246, -14, 101.0, 0
35.65180039405823, -44, 102.0, 0
35.75590920448303, 38, 103.0, 0
35.86793613433838, -13, 108.0, 0
