TimeRecording, PositionChange, TimeChange, IndexTriggered
1.338770866394043, -1, 0.0, 0
2.442427635192871, 1, 1080.0, 0
4.610530376434326, -1, 2118.0, 0
5.450384616851807, 5, 815.0, 0
5.58658766746521, -11, 133.0, 0
5.770238161087036, 8, 181.0, 0
6.0342066287994385, 1, 257.0, 0
6.346339702606201, -1, 309.0, 0
6.506417751312256, 1, 156.0, 0
6.770392179489136, -3, 256.0, 0
7.226365089416504, 3, 447.0, 0
7.4744110107421875, -5, 244.0, 0
7.8742382526397705, 1, 383.0, 0
8.826416730880737, 1, 935.0, 0
9.546404600143433, -1, 704.0, 0
9.938341617584229, -13, 377.0, 0
10.042461633682251, 9, 101.0, 0
10.146333932876587, 4, 102.0, 0
10.250576496124268, 5, 101.0, 0
10.354393243789673, -21, 102.0, 0
10.466337203979492, 7, 109.0, 0
10.570412874221802, 0, 103.0, 0
10.674519538879395, 3, 101.0, 0
10.786218166351318, -1, 109.0, 0
10.962255954742432, 3, 174.0, 0
11.138243913650513, 3, 174.0, 0
11.402359247207642, -5, 257.0, 0
11.674439668655396, 3, 268.0, 0
18.41844344139099, 1, 6582.0, 0
18.570431232452393, 33, 146.0, 0
18.67453384399414, 201, 102.0, 0
18.778465032577515, 600, 101.0, 0
18.882617712020874, 976, 102.0, 0
18.986517429351807, 1339, 102.0, 0
19.09036374092102, 1626, 101.0, 0
19.19433569908142, 1746, 102.0, 0
19.29833674430847, 1768, 101.0, 0
19.402321338653564, 1860, 102.0, 0
19.5063796043396, 1985, 101.0, 0
19.611270904541016, 2230, 102.0, 0
19.714359521865845, 2606, 101.0, 0
19.81835174560547, 3239, 102.0, 0
19.92237091064453, 3629, 101.0, 0
20.026355504989624, 3905, 102.0, 0
20.130484104156494, 4032, 102.0, 0
20.234485387802124, 4134, 101.0, 0
20.338302850723267, 4139, 102.0, 0
20.442244291305542, 4189, 101.0, 0
20.546249866485596, 4124, 102.0, 0
20.650238275527954, 4085, 102.0, 0
20.754331827163696, 4062, 101.0, 0
20.85841417312622, 3997, 102.0, 0
20.96248960494995, 3875, 101.0, 0
21.066507816314697, 3907, 102.0, 0
21.170231103897095, 3672, 101.0, 0
21.27424120903015, 3724, 102.0, 0
21.37821888923645, 3629, 101.0, 0
21.482234001159668, 3611, 102.0, 0
21.58634042739868, 3565, 102.0, 0
21.690253257751465, 3417, 101.0, 0
21.794408082962036, 3289, 102.0, 0
21.898486375808716, 3396, 101.0, 0
22.00234866142273, 3319, 102.0, 0
22.10631227493286, 3375, 101.0, 0
22.210244178771973, 3440, 101.0, 0
22.31422472000122, 3375, 102.0, 0
22.41822648048401, 3548, 101.0, 0
22.522220373153687, 3486, 102.0, 0
22.6262309551239, 3553, 101.0, 0
22.730483293533325, 3626, 102.0, 0
22.83423376083374, 3580, 102.0, 0
22.938225030899048, 3725, 101.0, 0
23.04222583770752, 3750, 102.0, 0
23.146230459213257, 3816, 101.0, 0
23.25022578239441, 3828, 102.0, 0
23.354222297668457, 3809, 101.0, 0
23.458224773406982, 3800, 102.0, 0
23.562376022338867, 3828, 101.0, 0
23.667442798614502, 3768, 102.0, 0
23.770412921905518, 3716, 101.0, 0
23.87423014640808, 3767, 102.0, 0
23.978223085403442, 3642, 101.0, 0
24.08226752281189, 3651, 102.0, 0
24.186222076416016, 3575, 101.0, 0
24.290224075317383, 3552, 102.0, 0
24.394219875335693, 3524, 102.0, 0
24.49843955039978, 3452, 101.0, 0
24.60223960876465, 3481, 102.0, 0
24.70624279975891, 3465, 101.0, 0
24.810256004333496, 3389, 102.0, 0
24.914247751235962, 3419, 101.0, 0
25.018229961395264, 3357, 102.0, 0
25.122263193130493, 3355, 101.0, 0
25.22644591331482, 3401, 102.0, 0
25.330514192581177, 3333, 102.0, 0
25.434473991394043, 3430, 101.0, 0
25.538522481918335, 3346, 102.0, 0
25.642513036727905, 3337, 101.0, 0
25.74652600288391, 3412, 102.0, 0
25.85050106048584, 3327, 102.0, 0
25.95450210571289, 3430, 101.0, 0
26.058531761169434, 3659, 102.0, 0
26.162351369857788, 2393, 101.0, 0
26.266233205795288, 3470, 102.0, 0
26.3702073097229, 2639, 101.0, 0
26.47432541847229, 4379, 102.0, 0
26.578226566314697, 4148, 101.0, 0
26.68225336074829, 4502, 102.0, 0
26.786226511001587, 2865, 102.0, 0
26.890488386154175, 3272, 101.0, 0
26.994505167007446, 3044, 102.0, 0
27.105204105377197, 3583, 101.0, 0
27.20237159729004, 3511, 102.0, 0
27.306324243545532, 3131, 101.0, 0
27.41032314300537, 3754, 102.0, 0
27.51422882080078, 3381, 101.0, 0
27.6182541847229, 3424, 102.0, 0
27.722222328186035, 3647, 101.0, 0
27.826319456100464, 3414, 102.0, 0
27.930479526519775, 3656, 101.0, 0
28.034334659576416, 3492, 102.0, 0
28.138267993927002, 3586, 101.0, 0
28.24226999282837, 3562, 102.0, 0
28.3462553024292, 3609, 102.0, 0
28.450260639190674, 3604, 101.0, 0
28.554249048233032, 3497, 102.0, 0
28.65822982788086, 3533, 101.0, 0
28.7626473903656, 2947, 102.0, 0
28.866518020629883, 2383, 101.0, 0
28.970479249954224, 1666, 102.0, 0
29.07455015182495, 963, 101.0, 0
29.178353786468506, 501, 102.0, 0
29.282368183135986, 19, 102.0, 0
29.386497020721436, -182, 101.0, 0
29.490373373031616, -136, 101.0, 0
29.59421992301941, -162, 102.0, 0
29.698225021362305, 17, 102.0, 0
29.802447080612183, 20, 101.0, 0
29.914244174957275, 80, 115.0, 0
30.018209218978882, 30, 97.0, 0
30.122217416763306, 17, 100.0, 0
30.2262225151062, -17, 102.0, 0
30.338340759277344, 0, 109.0, 0
30.46657943725586, -27, 126.0, 0
30.570215463638306, -9, 101.0, 0
30.674315214157104, 9, 101.0, 0
30.778233766555786, 2, 102.0, 0
31.018234252929688, 9, 235.0, 0
31.346354246139526, -11, 323.0, 0
31.730374574661255, -1, 373.0, 0
32.53835105895996, 5, 793.0, 0
