TimeRecording, PositionChange, TimeChange, IndexTriggered
1.071460247039795, 33, 0.0, 0
1.1749053001403809, -1, 336.0, 0
1.2868907451629639, -1, 113.0, 0
1.487032413482666, 1, 196.0, 0
1.6230766773223877, -2, 129.0, 0
1.734982967376709, 9, 109.0, 0
1.8470072746276855, 0, 114.0, 0
1.9589717388153076, -3, 105.0, 0
2.1590116024017334, 3, 202.0, 0
2.4630215167999268, 3, 292.0, 0
2.7268760204315186, -3, 261.0, 0
3.110947608947754, 1, 371.0, 0
3.6231179237365723, -3, 503.0, 0
3.807166814804077, -8, 179.0, 0
4.054854393005371, -8, 239.0, 0
4.31097936630249, -1, 251.0, 0
4.5510642528533936, -11, 233.0, 0
4.6632232666015625, 10, 109.0, 0
4.847017765045166, -5, 184.0, 0
4.9748921394348145, -17, 121.0, 0
5.078911542892456, -11, 102.0, 0
5.1829140186309814, 24, 101.0, 0
5.2868876457214355, 18, 101.0, 0
5.4068827629089355, -5, 118.0, 0
5.511067867279053, -14, 101.0, 0
5.63917350769043, 25, 125.0, 0
5.7509565353393555, -5, 110.0, 0
5.918867588043213, -1, 164.0, 0
6.0468785762786865, 12, 125.0, 0
6.230947494506836, -12, 184.0, 0
6.367098331451416, 8, 135.0, 0
6.671125650405884, 1, 292.0, 0
7.0790910720825195, -7, 398.0, 0
7.383017539978027, 9, 300.0, 0
7.583032846450806, 5, 191.0, 0
7.687116384506226, -51, 101.0, 0
7.790933847427368, -1, 102.0, 0
7.894874572753906, -35, 101.0, 0
8.006898641586304, 0, 109.0, 0
8.11889362335205, 6, 110.0, 0
8.222875356674194, -6, 101.0, 0
8.334871053695679, 12, 110.0, 0
8.446895122528076, -20, 109.0, 0
8.551078796386719, 20, 102.0, 0
8.695006847381592, -10, 147.0, 0
8.839001893997192, 1, 134.0, 0
9.079073905944824, -4, 239.0, 0
9.383034944534302, 1, 293.0, 0
9.903024435043335, 3, 513.0, 0
10.567044496536255, -1, 648.0, 0
14.719133377075195, -1, 4050.0, 0
16.13507056236267, -1, 1384.0, 0
17.639068365097046, 1, 1467.0, 0
17.919023036956787, -1, 275.0, 0
18.079018115997314, 4, 154.0, 0
18.183122396469116, -6, 101.0, 0
18.37486982345581, 7, 189.0, 0
18.502888679504395, -14, 124.0, 0
18.60691237449646, 9, 107.0, 0
18.870922803878784, -1, 254.0, 0
19.255086660385132, 1, 376.0, 0
19.367055892944336, 3, 106.0, 0
19.47904634475708, -5, 110.0, 0
19.702892541885376, 7, 219.0, 0
19.806890964508057, -6, 101.0, 0
19.9268581867218, -2, 119.0, 0
20.06290912628174, 1, 134.0, 0
20.198975563049316, 1, 133.0, 0
20.742989540100098, 1, 532.0, 0
20.919031620025635, -1, 175.0, 0
21.286926984786987, -1, 358.0, 0
24.19109582901001, -1, 2834.0, 0
24.582877159118652, -3, 383.0, 0
25.381431341171265, -26, 0.0, 0
25.485060453414917, 0, 102.0, 0
25.58912491798401, 36, 101.0, 0
25.69314479827881, -15, 102.0, 0
25.79715919494629, 6, 102.0, 0
25.901448488235474, 14, 101.0, 0
26.029263973236084, -14, 125.0, 0
26.1331570148468, -3, 102.0, 0
26.237305164337158, 6, 101.0, 0
26.34152626991272, -6, 102.0, 0
26.516996383666992, -5, 175.0, 0
26.65324568748474, 9, 136.0, 0
26.85302233695984, -7, 192.0, 0
27.00503969192505, 7, 148.0, 0
27.277111768722534, -3, 266.0, 0
28.093090534210205, -1, 797.0, 0
30.229119539260864, 1, 2086.0, 0
32.501208543777466, -9, 2215.0, 0
32.60508370399475, -75, 101.0, 0
32.709237813949585, 39, 102.0, 0
32.81321907043457, 183, 102.0, 0
32.917168617248535, 531, 101.0, 0
33.021075963974, 1068, 102.0, 0
33.12499785423279, 1451, 101.0, 0
33.22896718978882, 1875, 102.0, 0
33.332961082458496, 2288, 101.0, 0
33.43690013885498, 2733, 102.0, 0
33.54111957550049, 3126, 102.0, 0
33.645081996917725, 3427, 101.0, 0
33.74907088279724, 3739, 102.0, 0
33.85297989845276, 4120, 101.0, 0
33.95695996284485, 4531, 102.0, 0
34.06094145774841, 4949, 101.0, 0
34.16487741470337, 5239, 102.0, 0
34.268876791000366, 5732, 101.0, 0
34.3728609085083, 6341, 102.0, 0
34.476891040802, 6626, 102.0, 0
34.581258058547974, 6803, 101.0, 0
34.68497443199158, 6896, 102.0, 0
34.78888940811157, 6954, 101.0, 0
34.892916440963745, 6810, 102.0, 0
34.99690079689026, 6843, 102.0, 0
35.10096001625061, 6855, 101.0, 0
35.20492362976074, 6859, 102.0, 0
35.30889964103699, 7004, 101.0, 0
35.41303849220276, 6901, 102.0, 0
35.516993045806885, 7011, 101.0, 0
35.62086009979248, 7119, 102.0, 0
35.7248592376709, 7121, 102.0, 0
35.82888889312744, 7301, 101.0, 0
35.93285822868347, 7430, 102.0, 0
36.03716325759888, 7418, 102.0, 0
36.14146876335144, 7346, 101.0, 0
36.245004177093506, 7358, 102.0, 0
36.348966121673584, 7452, 101.0, 0
36.45308470726013, 7395, 102.0, 0
36.55698823928833, 7395, 101.0, 0
36.66111159324646, 7484, 102.0, 0
36.76499056816101, 7479, 102.0, 0
36.86897826194763, 7458, 101.0, 0
36.97300148010254, 7527, 102.0, 0
37.0769829750061, 7493, 101.0, 0
37.1811957359314, 7503, 102.0, 0
37.284992933273315, 7570, 101.0, 0
37.38900423049927, 7547, 102.0, 0
37.49306631088257, 7542, 101.0, 0
37.5970299243927, 6853, 102.0, 0
37.70112085342407, 7093, 102.0, 0
37.80500674247742, 5822, 101.0, 0
37.90902781486511, 7634, 102.0, 0
38.013031005859375, 5553, 101.0, 0
38.11715388298035, 4773, 102.0, 0
38.22112321853638, 8068, 101.0, 0
38.324968576431274, 6060, 102.0, 0
38.42893886566162, 6952, 102.0, 0
38.53288269042969, 7466, 101.0, 0
38.63688778877258, 7403, 102.0, 0
38.740920066833496, 7201, 101.0, 0
38.844947814941406, 7486, 102.0, 0
38.94900631904602, 7190, 101.0, 0
39.05315113067627, 7171, 102.0, 0
39.157180309295654, 6278, 102.0, 0
39.26105499267578, 5490, 101.0, 0
39.3648898601532, 4319, 102.0, 0
39.46888518333435, 3297, 101.0, 0
39.57289695739746, 2020, 102.0, 0
39.67687439918518, 1349, 101.0, 0
39.78092670440674, 764, 102.0, 0
39.884870290756226, 355, 101.0, 0
39.98899698257446, 166, 102.0, 0
40.09302568435669, -112, 102.0, 0
40.196887493133545, -212, 101.0, 0
40.31694960594177, -106, 117.0, 0
40.42100238800049, -182, 102.0, 0
40.524879455566406, -14, 101.0, 0
40.62903118133545, -101, 102.0, 0
40.73285484313965, -71, 102.0, 0
40.83700656890869, 44, 101.0, 0
40.94103693962097, -35, 102.0, 0
41.04499006271362, 44, 101.0, 0
