TimeRecording, PositionChange, TimeChange, IndexTriggered
1.0082554817199707, -1, 352.0, 0
1.4322543144226074, 1, 412.0, 0
1.6161861419677734, 7, 178.0, 0
1.7442059516906738, 1, 125.0, 0
1.8722565174102783, -6, 131.0, 0
1.9927361011505127, -18, 111.0, 0
2.0962207317352295, -27, 102.0, 0
2.240548610687256, -31, 140.0, 0
2.368342399597168, 4, 126.0, 0
2.472447395324707, -16, 101.0, 0
2.5761895179748535, 9, 102.0, 0
2.6802046298980713, 6, 101.0, 0
2.792130947113037, -15, 117.0, 0
2.9761130809783936, 9, 179.0, 0
3.3921027183532715, -3, 400.0, 0
3.7522170543670654, -1, 356.0, 0
4.176312446594238, -1, 415.0, 0
5.064263582229614, 1, 867.0, 0
7.1281561851501465, -1, 2011.0, 0
9.136354207992554, -3, 1960.0, 0
9.352347135543823, 3, 214.0, 0
9.49613356590271, -3, 144.0, 0
9.856074094772339, -1, 349.0, 0
10.192382574081421, 1, 324.0, 0
10.392332792282104, 1, 197.0, 0
11.088113784790039, -1, 679.0, 0
11.96855616569519, 1, 859.0, 0
12.744521141052246, -1, 762.0, 0
14.00823426246643, 3, 1233.0, 0
14.32021975517273, -1, 307.0, 0
14.600206851959229, -1, 269.0, 0
14.992249011993408, 1, 388.0, 0
16.24022078514099, -1, 1213.0, 0
16.864253282546997, -1, 611.0, 0
17.592232704162598, -1, 716.0, 0
17.880213737487793, -4, 273.0, 0
17.99257254600525, -1, 110.0, 0
18.096349000930786, 0, 101.0, 0
18.20011878013611, -14, 102.0, 0
18.304073572158813, 18, 102.0, 0
18.41619324684143, 6, 109.0, 0
18.600088357925415, -5, 185.0, 0
18.70409107208252, 5, 96.0, 0
18.92829656600952, -7, 225.0, 0
19.06425428390503, 3, 133.0, 0
19.208259105682373, -3, 135.0, 0
19.480443239212036, 1, 266.0, 0
20.000136375427246, 1, 514.0, 0
21.24828553199768, -1, 1219.0, 0
24.672173500061035, -13, 3337.0, 0
24.77648091316223, -121, 101.0, 0
24.880117893218994, 196, 102.0, 0
24.984175443649292, 570, 101.0, 0
25.08815860748291, 1003, 102.0, 0
25.192177057266235, 1406, 101.0, 0
25.29611039161682, 1918, 102.0, 0
25.40010166168213, 2275, 102.0, 0
25.504247665405273, 2533, 101.0, 0
25.60817575454712, 2757, 102.0, 0
25.712105989456177, 2972, 101.0, 0
25.816125869750977, 3171, 102.0, 0
25.92007303237915, 3305, 101.0, 0
26.024099826812744, 3437, 102.0, 0
26.128142595291138, 3467, 101.0, 0
26.232070922851562, 3482, 102.0, 0
26.336198806762695, 3637, 101.0, 0
26.440351486206055, 3586, 102.0, 0
26.544057607650757, 3804, 102.0, 0
26.648103713989258, 3808, 101.0, 0
26.752105951309204, 3817, 102.0, 0
26.85608458518982, 3940, 101.0, 0
26.96008324623108, 3769, 102.0, 0
27.06407117843628, 3772, 101.0, 0
27.168076992034912, 3716, 102.0, 0
27.27220106124878, 3624, 101.0, 0
27.376499891281128, 3652, 102.0, 0
27.480428457260132, 3561, 101.0, 0
27.584192752838135, 3570, 102.0, 0
27.688072204589844, 3616, 102.0, 0
27.792073249816895, 3601, 101.0, 0
27.896069765090942, 3578, 102.0, 0
28.00006914138794, 3598, 101.0, 0
28.104066610336304, 3580, 102.0, 0
28.208202362060547, 3602, 101.0, 0
28.312218189239502, 3624, 102.0, 0
28.416316747665405, 3609, 101.0, 0
28.5201473236084, 3677, 102.0, 0
28.62416100502014, 3673, 102.0, 0
28.728209495544434, 3750, 101.0, 0
28.832088708877563, 3721, 102.0, 0
28.936086654663086, 3711, 101.0, 0
29.04008722305298, 3726, 102.0, 0
29.144222259521484, 3664, 101.0, 0
29.24832248687744, 3669, 102.0, 0
29.35235333442688, 3722, 101.0, 0
29.456433296203613, 3669, 102.0, 0
29.560203790664673, 3692, 101.0, 0
29.66411828994751, 3655, 102.0, 0
29.76808214187622, 3641, 101.0, 0
29.872066020965576, 3619, 102.0, 0
29.976073265075684, 3646, 101.0, 0
30.080084562301636, 3571, 102.0, 0
30.184060096740723, 3631, 101.0, 0
30.28831672668457, 3582, 102.0, 0
30.392293453216553, 3618, 101.0, 0
30.496370315551758, 3573, 102.0, 0
30.6003520488739, 3556, 102.0, 0
30.704344034194946, 3587, 101.0, 0
30.808306455612183, 3629, 102.0, 0
30.912386655807495, 3663, 101.0, 0
31.016353130340576, 3682, 102.0, 0
31.120335340499878, 3667, 102.0, 0
31.22412657737732, 3683, 101.0, 0
31.328110456466675, 3655, 102.0, 0
31.432126998901367, 3675, 101.0, 0
31.536110877990723, 3655, 102.0, 0
31.6401104927063, 3664, 101.0, 0
31.74408459663391, 3658, 102.0, 0
31.848129987716675, 3693, 102.0, 0
31.95227551460266, 3667, 101.0, 0
32.05634689331055, 3715, 102.0, 0
32.16018629074097, 3685, 102.0, 0
32.264262437820435, 3677, 101.0, 0
32.36811828613281, 3674, 101.0, 0
32.47208786010742, 3673, 102.0, 0
32.57615041732788, 3682, 102.0, 0
32.68010449409485, 3738, 101.0, 0
32.78436827659607, 3709, 102.0, 0
32.88821077346802, 3677, 101.0, 0
32.992209672927856, 3733, 102.0, 0
33.096221923828125, 3650, 101.0, 0
33.20019316673279, 3642, 102.0, 0
33.30425000190735, 1981, 102.0, 0
33.40826869010925, 2233, 101.0, 0
33.51217699050903, 2278, 102.0, 0
33.61620092391968, 2920, 102.0, 0
33.72020101547241, 2502, 101.0, 0
33.8241868019104, 4431, 102.0, 0
33.92818999290466, 4199, 101.0, 0
34.03226041793823, 4475, 102.0, 0
34.13847637176514, 2561, 101.0, 0
34.24005722999573, 3446, 102.0, 0
34.34408164024353, 3628, 102.0, 0
34.4480767250061, 3304, 101.0, 0
34.55208396911621, 4007, 102.0, 0
34.65607261657715, 3454, 101.0, 0
34.76007866859436, 3468, 102.0, 0
34.86406111717224, 3281, 101.0, 0
34.96820664405823, 3277, 102.0, 0
35.07217621803284, 3083, 101.0, 0
35.17619204521179, 3404, 102.0, 0
35.28020739555359, 3239, 101.0, 0
35.38425397872925, 3301, 102.0, 0
35.488218545913696, 3411, 101.0, 0
35.59226989746094, 3414, 102.0, 0
35.69626188278198, 3451, 102.0, 0
35.80023789405823, 3438, 101.0, 0
35.90421438217163, 2941, 102.0, 0
36.00823354721069, 2430, 101.0, 0
36.1122510433197, 1737, 102.0, 0
36.2161180973053, 1105, 101.0, 0
36.32007622718811, 528, 102.0, 0
36.42417883872986, 123, 102.0, 0
36.52816414833069, -148, 101.0, 0
36.63208746910095, -137, 102.0, 0
36.73608636856079, -142, 101.0, 0
36.84008193016052, 5, 102.0, 0
36.96021795272827, 21, 117.0, 0
37.06408381462097, 85, 102.0, 0
37.16958165168762, 33, 101.0, 0
37.27212476730347, 29, 106.0, 0
37.39207077026367, -31, 113.0, 0
37.512068033218384, 1, 117.0, 0
37.61607551574707, -30, 102.0, 0
37.728378772735596, -8, 109.0, 0
37.8321852684021, -8, 101.0, 0
38.00018906593323, 7, 164.0, 0
38.12020826339722, -3, 117.0, 0
38.432289838790894, 5, 306.0, 0
38.66406774520874, 9, 231.0, 0
39.128170013427734, 9, 448.0, 0
